2013.6108447488584	38.220001220703125
2013.6135844748858	37.02000045776367
2013.6163242009131	36.650001525878906
2013.6190639269407	36.560001373291016
2013.621803652968	37.08000183105469
2013.6300228310502	37.810001373291016
2013.6327625570775	38.40999984741211
2013.635502283105	38.31999969482422
2013.6382420091325	38.54999923706055
2013.6409817351598	40.54999923706055
2013.649200913242	41.34000015258789
2013.6519406392695	39.63999938964844
2013.6546803652968	40.54999923706055
2013.6574200913242	41.279998779296875
2013.6601598173515	41.290000915527344
2013.6711187214612	41.869998931884766
2013.6738584474886	41.779998779296875
2013.676598173516	42.65999984741211
2013.6793378995433	43.95000076293945
2013.6875570776256	44.040000915527344
2013.690296803653	43.599998474121094
2013.6930365296803	45.040000915527344
2013.6957762557079	44.75
2013.6985159817352	44.310001373291016
2013.7067351598173	42.5099983215332
2013.7094748858447	45.06999969482422
2013.7122146118722	45.22999954223633
2013.7149543378996	45.97999954223633
2013.717694063927	47.4900016784668
2013.725913242009	47.189998626708984
2013.7286529680366	48.45000076293945
2013.731392694064	49.459999084472656
2013.7341324200913	50.38999938964844
2013.7368721461187	51.2400016784668
2013.745091324201	50.22999954223633
2013.7478310502283	50.41999816894531
2013.7505707762557	50.279998779296875
2013.753310502283	49.18000030517578
2013.7560502283104	51.040000915527344
2013.7642694063927	50.52000045776367
2013.76700913242	47.13999938964844
2013.7697488584474	46.77000045776367
2013.7724885844748	49.04999923706055
2013.7752283105024	49.11000061035156
2013.7834474885844	49.5099983215332
2013.7861872146118	49.5
2013.7889269406392	51.13999938964844
2013.7916666666667	52.209999084472656
2013.794406392694	54.220001220703125
2013.8026255707762	53.849998474121094
2013.8053652968038	52.68000030517578
2013.8081050228311	51.900001525878906
2013.8108447488585	52.45000076293945
2013.8135844748858	51.95000076293945
2013.8218036529681	50.22999954223633
2013.8245433789955	49.400001525878906
2013.8272831050228	49.0099983215332
2013.8300228310502	50.209999084472656
2013.8327625570776	49.75
2013.841095890411	48.220001220703125
2013.8438356164384	50.11000061035156
2013.8465753424657	49.119998931884766
2013.849315068493	47.560001373291016
2013.8520547945207	47.529998779296875
2013.8602739726027	46.20000076293945
2013.86301369863	46.61000061035156
2013.8657534246574	48.709999084472656
2013.868493150685	48.9900016784668
2013.8712328767124	49.0099983215332
2013.8794520547945	45.83000183105469
2013.8821917808218	46.36000061035156
2013.8849315068494	46.43000030517578
2013.8876712328768	46.70000076293945
2013.890410958904	46.22999954223633
2013.8986301369864	44.81999969482422
2013.9013698630138	45.88999938964844
2013.9041095890411	46.4900016784668
2013.9095890410958	47.0099983215332
2013.9178082191781	47.060001373291016
2013.9205479452055	46.72999954223633
2013.9232876712329	48.619998931884766
2013.9260273972602	48.34000015258789
2013.9287671232876	47.939998626708984
2013.9369863013699	48.84000015258789
2013.9397260273972	50.25
2013.9424657534246	49.380001068115234
2013.945205479452	51.83000183105469
2013.9479452054795	53.31999969482422
2013.9561643835616	53.810001373291016
2013.958904109589	54.86000061035156
2013.9616438356165	55.56999969482422
2013.964383561644	55.04999923706055
2013.9671232876713	55.119998931884766
2013.9753424657533	57.77000045776367
2013.978082191781	57.959999084472656
2013.9835616438356	57.72999954223633
2013.986301369863	55.439998626708984
2013.9945205479453	53.709999084472656
2013.9972602739726	54.650001525878906
2014.0027397260274	54.709999084472656
2014.0054794520547	54.560001373291016
2014.013698630137	57.20000076293945
2014.0164383561644	57.91999816894531
2014.0191780821917	58.22999954223633
2014.021917808219	57.220001220703125
2014.0246575342467	57.939998626708984
2014.0328767123287	55.90999984741211
2014.035616438356	57.7400016784668
2014.0383561643835	57.599998474121094
2014.041095890411	57.189998626708984
2014.0438356164384	56.29999923706055
2014.054794520548	58.5099983215332
2014.0575342465754	57.5099983215332
2014.0602739726028	56.630001068115234
2014.0630136986301	54.45000076293945
2014.0712328767124	53.54999923706055
2014.0739726027398	55.13999938964844
2014.0767123287671	53.529998779296875
2014.0794520547945	61.08000183105469
2014.0821917808219	62.56999969482422
2014.0904109589042	61.47999954223633
2014.0931506849315	62.75
2014.0958904109589	62.189998626708984
2014.0986301369862	62.15999984741211
2014.1013698630136	64.31999969482422
2014.109589041096	63.54999923706055
2014.1123287671232	64.8499984741211
2014.1150684931506	64.44999694824219
2014.1178082191782	67.33000183105469
2014.1205479452055	67.08999633789062
2014.131506849315	67.30000305175781
2014.1342465753426	68.05999755859375
2014.13698630137	69.62999725341797
2014.1397260273973	68.58999633789062
2014.1479452054793	70.77999877929688
2014.150684931507	69.8499984741211
2014.1534246575343	69.26000213623047
2014.1561643835616	68.94000244140625
2014.158904109589	68.45999908447266
2014.1671232876713	67.41000366210938
2014.1698630136987	68.80000305175781
2014.172602739726	71.56999969482422
2014.1753424657534	70.83999633789062
2014.1780821917807	69.80000305175781
2014.186187214612	72.02999877929688
2014.1889269406392	70.0999984741211
2014.1916666666666	70.87999725341797
2014.194406392694	68.83000183105469
2014.1971461187215	67.72000122070312
2014.2053652968036	68.73999786376953
2014.208105022831	69.19000244140625
2014.2108447488583	68.23999786376953
2014.213584474886	66.97000122070312
2014.2163242009133	67.23999786376953
2014.2245433789953	64.0999984741211
2014.227283105023	64.88999938964844
2014.2300228310503	60.38999938964844
2014.2327625570776	60.970001220703125
2014.235502283105	60.0099983215332
2014.2437214611873	60.2400016784668
2014.2464611872147	62.619998931884766
2014.249200913242	62.720001220703125
2014.2519406392694	59.4900016784668
2014.2546803652967	56.75
2014.262899543379	56.95000076293945
2014.2656392694064	58.189998626708984
2014.2683789954337	62.40999984741211
2014.271118721461	59.15999984741211
2014.2738584474887	58.529998779296875
2014.2820776255708	58.88999938964844
2014.2848173515981	59.09000015258789
2014.2875570776255	59.720001220703125
2014.290296803653	58.939998626708984
2014.3012557077625	61.2400016784668
2014.3039954337899	63.029998779296875
2014.3067351598174	61.36000061035156
2014.3094748858448	60.869998931884766
2014.3122146118722	57.709999084472656
2014.3204337899544	56.13999938964844
2014.3231735159818	58.150001525878906
2014.3259132420092	59.779998779296875
2014.3286529680365	61.150001525878906
2014.3313926940639	60.459999084472656
2014.3396118721462	61.220001220703125
2014.3423515981735	58.529998779296875
2014.345091324201	57.38999938964844
2014.3478310502283	56.7599983215332
2014.3505707762556	57.2400016784668
2014.358789954338	59.83000183105469
2014.3615296803653	59.83000183105469
2014.3642694063926	59.22999954223633
2014.36700913242	57.91999816894531
2014.3697488584476	58.02000045776367
2014.3779680365296	59.209999084472656
2014.380707762557	58.560001373291016
2014.3834474885846	60.4900016784668
2014.386187214612	60.52000045776367
2014.3889269406393	61.349998474121094
2014.399885844749	63.47999954223633
2014.4026255707763	63.5099983215332
2014.4053652968037	63.83000183105469
2014.408105022831	63.29999923706055
2014.4163242009133	63.08000183105469
2014.4190639269407	62.869998931884766
2014.421803652968	63.34000015258789
2014.4245433789954	63.189998626708984
2014.4272831050228	62.5
2014.435502283105	62.880001068115234
2014.4382420091324	65.7699966430664
2014.4409817351598	65.77999877929688
2014.4437214611871	64.29000091552734
2014.4464611872147	64.5
2014.4546803652968	64.19000244140625
2014.4574200913241	64.4000015258789
2014.4601598173515	65.5999984741211
2014.462899543379	64.33999633789062
2014.4656392694064	64.5
2014.4738584474885	65.37000274658203
2014.476598173516	65.72000122070312
2014.4793378995435	67.44000244140625
2014.4820776255708	67.12999725341797
2014.4848173515982	67.5999984741211
2014.4930365296805	67.29000091552734
2014.4957762557078	68.05999755859375
2014.4985159817352	66.44999694824219
2014.5012557077625	66.29000091552734
2014.5122146118722	65.29000091552734
2014.5149543378996	62.7599983215332
2014.517694063927	64.97000122070312
2014.5204337899543	64.87000274658203
2014.5231735159816	66.33999633789062
2014.531392694064	67.9000015258789
2014.5341324200913	67.16999816894531
2014.5368721461186	67.66000366210938
2014.5396118721462	66.41000366210938
2014.5423515981736	68.41999816894531
2014.5505707762557	69.4000015258789
2014.553310502283	69.2699966430664
2014.5560502283106	71.29000091552734
2014.558789954338	74.9800033569336
2014.5615296803653	75.19000244140625
2014.5697488584474	74.91999816894531
2014.572488584475	73.70999908447266
2014.5752283105023	74.68000030517578
2014.5779680365297	72.6500015258789
2014.580707762557	72.36000061035156
2014.5889269406393	73.51000213623047
2014.5916666666667	72.69000244140625
2014.594406392694	72.47000122070312
2014.5971461187214	73.16999816894531
2014.5998858447488	73.05999755859375
2014.608105022831	73.44000244140625
2014.6108447488584	72.83000183105469
2014.6135844748858	73.7699966430664
2014.6163242009131	74.30000305175781
2014.6190639269407	73.62999725341797
2014.6272831050228	74.58999633789062
2014.6300228310502	75.29000091552734
2014.6327625570775	74.80999755859375
2014.635502283105	74.56999969482422
2014.6382420091325	74.56999969482422
2014.6464611872145	75.0199966430664
2014.649200913242	75.95999908447266
2014.6519406392695	74.62999725341797
2014.6546803652968	73.86000061035156
2014.6574200913242	74.81999969482422
2014.6683789954338	76.68000030517578
2014.6711187214612	75.83000183105469
2014.6738584474886	75.94999694824219
2014.676598173516	77.26000213623047
2014.6848173515982	77.88999938964844
2014.6875570776256	76.66999816894531
2014.690296803653	77.43000030517578
2014.6930365296803	77.91999816894531
2014.6957762557079	77.4800033569336
2014.70399543379	74.58000183105469
2014.7067351598173	76.08000183105469
2014.7094748858447	76.43000030517578
2014.7122146118722	77.0
2014.7149543378996	77.91000366210938
2014.7231735159817	76.80000305175781
2014.725913242009	78.29000091552734
2014.7286529680366	78.54000091552734
2014.731392694064	77.22000122070312
2014.7341324200913	78.79000091552734
2014.7423515981736	79.0
2014.745091324201	79.04000091552734
2014.7478310502283	76.55000305175781
2014.7505707762557	77.08000183105469
2014.753310502283	77.44000244140625
2014.7615296803654	77.55999755859375
2014.7642694063927	76.29000091552734
2014.76700913242	77.5199966430664
2014.7697488584474	75.91000366210938
2014.7724885844748	72.91000366210938
2014.780707762557	72.98999786376953
2014.7834474885844	73.58999633789062
2014.7861872146118	73.20999908447266
2014.7889269406392	72.62999725341797
2014.7916666666667	75.94999694824219
2014.7998858447488	76.94999694824219
2014.8026255707762	78.69000244140625
2014.8053652968038	78.37000274658203
2014.8081050228311	80.04000091552734
2014.8108447488585	80.66999816894531
2014.8190639269405	80.27999877929688
2014.8218036529681	80.7699966430664
2014.8245433789955	75.86000061035156
2014.8272831050228	74.11000061035156
2014.8300228310502	74.98999786376953
2014.8383561643836	73.87999725341797
2014.841095890411	75.76000213623047
2014.8438356164384	74.83000183105469
2014.8465753424657	75.26000213623047
2014.849315068493	75.5999984741211
2014.8575342465754	75.0
2014.8602739726027	74.61000061035156
2014.86301369863	74.72000122070312
2014.8657534246574	74.25
2014.868493150685	74.87999725341797
2014.876712328767	74.23999786376953
2014.8794520547945	74.33999633789062
2014.8821917808218	73.33000183105469
2014.8849315068494	73.5999984741211
2014.8876712328768	73.75
2014.8958904109588	74.01000213623047
2014.8986301369864	75.62999725341797
2014.9013698630138	77.62000274658203
2014.9068493150685	77.69999694824219
2014.9150684931508	75.0999984741211
2014.9178082191781	75.45999908447266
2014.9205479452055	74.87999725341797
2014.9232876712329	75.23999786376953
2014.9260273972602	76.36000061035156
2014.9342465753425	76.5199966430664
2014.9369863013699	76.83999633789062
2014.9397260273972	76.18000030517578
2014.9424657534246	77.7300033569336
2014.945205479452	77.83000183105469
2014.9534246575342	76.98999786376953
2014.9561643835616	74.69000244140625
2014.958904109589	76.11000061035156
2014.9616438356165	78.4000015258789
2014.964383561644	79.87999725341797
2014.972602739726	81.44999694824219
2014.9753424657533	80.61000061035156
2014.978082191781	80.7699966430664
2014.9835616438356	80.77999877929688
2014.9917808219177	80.0199966430664
2014.9945205479453	79.22000122070312
2014.9972602739726	78.0199966430664
2015.0027397260274	78.44999694824219
2015.0109589041097	77.19000244140625
2015.013698630137	76.1500015258789
2015.0164383561644	76.1500015258789
2015.0191780821917	78.18000030517578
2015.021917808219	77.73999786376953
2015.0301369863014	76.72000122070312
2015.0328767123287	76.44999694824219
2015.035616438356	76.27999877929688
2015.0383561643835	74.05000305175781
2015.041095890411	75.18000030517578
2015.0520547945205	76.23999786376953
2015.054794520548	76.73999786376953
2015.0575342465754	77.6500015258789
2015.0602739726028	77.83000183105469
2015.0684931506848	77.5
2015.0712328767124	75.77999877929688
2015.0739726027398	76.23999786376953
2015.0767123287671	78.0
2015.0794520547945	75.91000366210938
2015.0876712328768	74.98999786376953
2015.0904109589042	75.4000015258789
2015.0931506849315	75.62999725341797
2015.0958904109589	75.61000061035156
2015.0986301369862	74.47000122070312
2015.1068493150685	74.44000244140625
2015.109589041096	75.19000244140625
2015.1123287671232	76.51000213623047
2015.1150684931506	76.2300033569336
2015.1178082191782	75.73999786376953
2015.1287671232876	75.5999984741211
2015.131506849315	76.70999908447266
2015.1342465753426	79.41999816894531
2015.13698630137	79.9000015258789
2015.145205479452	78.83999633789062
2015.1479452054793	78.44999694824219
2015.150684931507	79.55999755859375
2015.1534246575343	80.41000366210938
2015.1561643835616	78.97000122070312
2015.164383561644	79.75
2015.1671232876713	79.5999984741211
2015.1698630136987	80.9000015258789
2015.172602739726	81.20999908447266
2015.1753424657534	80.01000213623047
2015.1834474885845	79.44000244140625
2015.186187214612	77.55000305175781
2015.1889269406392	77.56999969482422
2015.1916666666666	78.93000030517578
2015.194406392694	78.05000305175781
2015.2026255707763	78.06999969482422
2015.2053652968036	79.36000061035156
2015.208105022831	80.91000366210938
2015.2108447488583	82.75
2015.213584474886	83.80000305175781
2015.221803652968	84.43000030517578
2015.2245433789953	85.30999755859375
2015.227283105023	82.91999816894531
2015.2300228310503	83.01000213623047
2015.2327625570776	83.30000305175781
2015.2409817351597	83.19999694824219
2015.2437214611873	82.22000122070312
2015.2464611872147	81.66999816894531
2015.249200913242	81.55999755859375
2015.2601598173517	82.44000244140625
2015.262899543379	82.31999969482422
2015.2656392694064	82.27999877929688
2015.2683789954337	82.16999816894531
2015.271118721461	82.04000091552734
2015.2793378995434	83.01000213623047
2015.2820776255708	83.5199966430664
2015.2848173515981	82.70999908447266
2015.2875570776255	82.30999755859375
2015.290296803653	80.77999877929688
2015.2985159817351	83.08999633789062
2015.3012557077625	83.62000274658203
2015.3039954337899	84.62999725341797
2015.3067351598174	82.41000366210938
2015.3094748858448	81.52999877929688
2015.3176940639269	81.91000366210938
2015.3204337899544	80.68000030517578
2015.3231735159818	80.47000122070312
2015.3259132420092	78.7699966430664
2015.3286529680365	78.98999786376953
2015.3368721461188	78.80999755859375
2015.3396118721462	77.55999755859375
2015.3423515981735	78.0999984741211
2015.345091324201	78.43000030517578
2015.3478310502283	78.51000213623047
2015.3560502283106	78.01000213623047
2015.358789954338	77.45999908447266
2015.3615296803653	78.44000244140625
2015.3642694063926	81.37000274658203
2015.36700913242	80.41999816894531
2015.3752283105023	80.87999725341797
2015.3779680365296	80.62999725341797
2015.380707762557	80.55000305175781
2015.3834474885846	80.4800033569336
2015.386187214612	80.54000091552734
2015.3971461187214	79.33000183105469
2015.399885844749	80.55000305175781
2015.4026255707763	80.1500015258789
2015.4053652968037	79.19000244140625
2015.4135844748857	80.29000091552734
2015.4163242009133	80.44000244140625
2015.4190639269407	82.44000244140625
2015.421803652968	82.05000305175781
2015.4245433789954	82.13999938964844
2015.4327625570777	80.66999816894531
2015.435502283105	80.66999816894531
2015.4382420091324	82.16000366210938
2015.4409817351598	81.83000183105469
2015.4437214611871	81.52999877929688
2015.4519406392694	80.70999908447266
2015.4546803652968	81.05999755859375
2015.4574200913241	81.79000091552734
2015.4601598173515	82.91000366210938
2015.462899543379	82.51000213623047
2015.4711187214612	84.73999786376953
2015.4738584474885	87.87999725341797
2015.476598173516	88.86000061035156
2015.4793378995435	87.9800033569336
2015.4820776255708	88.01000213623047
2015.4902968036529	85.80000305175781
2015.4930365296805	85.7699966430664
2015.4957762557078	86.91000366210938
2015.4985159817352	87.29000091552734
2015.5094748858448	87.55000305175781
2015.5122146118722	87.22000122070312
2015.5149543378996	85.6500015258789
2015.517694063927	85.87999725341797
2015.5204337899543	87.94999694824219
2015.5286529680366	90.0999984741211
2015.531392694064	89.68000030517578
2015.5341324200913	89.76000213623047
2015.5368721461186	90.8499984741211
2015.5396118721462	94.97000122070312
2015.5478310502283	97.91000366210938
2015.5505707762557	98.38999938964844
2015.553310502283	97.04000091552734
2015.5560502283106	95.44000244140625
2015.558789954338	96.94999694824219
2015.56700913242	94.16999816894531
2015.5697488584474	95.29000091552734
2015.572488584475	96.98999786376953
2015.5752283105023	95.20999908447266
2015.5779680365297	94.01000213623047
2015.586187214612	94.13999938964844
2015.5889269406393	94.05999755859375
2015.5916666666667	96.44000244140625
2015.594406392694	95.12000274658203
2015.5971461187214	94.30000305175781
2015.6053652968037	94.1500015258789
2015.608105022831	93.62000274658203
2015.6108447488584	94.19000244140625
2015.6135844748858	93.43000030517578
2015.6163242009131	94.41999816894531
2015.6245433789954	93.93000030517578
2015.6272831050228	95.16999816894531
2015.6300228310502	95.30999755859375
2015.6327625570775	90.55999755859375
2015.635502283105	86.05999755859375
2015.6437214611872	82.08999633789062
2015.6464611872145	83.0
2015.649200913242	87.19000244140625
2015.6519406392695	89.7300033569336
2015.6546803652968	91.01000213623047
2015.662899543379	89.43000030517578
2015.6656392694065	87.2300033569336
2015.6683789954338	89.88999938964844
2015.6711187214612	88.1500015258789
2015.6738584474886	88.26000213623047
2015.6848173515982	89.52999877929688
2015.6875570776256	90.44000244140625
2015.690296803653	91.9800033569336
2015.6930365296803	92.05000305175781
2015.7012557077626	92.30999755859375
2015.70399543379	92.9000015258789
2015.7067351598173	93.44999694824219
2015.7094748858447	94.33999633789062
2015.7122146118722	94.4000015258789
2015.7204337899543	95.55000305175781
2015.7231735159817	92.95999908447266
2015.725913242009	93.97000122070312
2015.7286529680366	94.41000366210938
2015.731392694064	92.7699966430664
2015.739611872146	89.20999908447266
2015.7423515981736	86.66999816894531
2015.745091324201	89.9000015258789
2015.7478310502283	90.94999694824219
2015.7505707762557	92.06999969482422
2015.758789954338	94.01000213623047
2015.7615296803654	92.80000305175781
2015.7642694063927	92.4000015258789
2015.76700913242	92.47000122070312
2015.7697488584474	93.23999786376953
2015.7779680365297	94.26000213623047
2015.780707762557	94.12000274658203
2015.7834474885844	94.06999969482422
2015.7861872146118	95.95999908447266
2015.7889269406392	97.54000091552734
2015.7971461187215	98.47000122070312
2015.7998858447488	97.0
2015.8026255707762	97.11000061035156
2015.8053652968038	99.66999816894531
2015.8081050228311	102.19000244140625
2015.8163242009132	103.7699966430664
2015.8190639269405	103.69999694824219
2015.8218036529681	104.19999694824219
2015.8245433789955	104.87999725341797
2015.8272831050228	101.97000122070312
2015.835616438356	103.30999755859375
2015.8383561643836	102.58000183105469
2015.841095890411	103.94000244140625
2015.8438356164384	108.76000213623047
2015.8465753424657	107.0999984741211
2015.854794520548	106.48999786376953
2015.8575342465754	107.91000366210938
2015.8602739726027	109.01000213623047
2015.86301369863	108.0199966430664
2015.8657534246574	103.94999694824219
2015.8739726027397	104.04000091552734
2015.876712328767	105.12999725341797
2015.8794520547945	107.7699966430664
2015.8821917808218	106.26000213623047
2015.8849315068494	107.31999969482422
2015.8931506849315	106.94999694824219
2015.8958904109588	105.73999786376953
2015.8986301369864	105.41000366210938
2015.9041095890411	105.44999694824219
2015.9123287671232	104.23999786376953
2015.9150684931508	107.12000274658203
2015.9178082191781	106.06999969482422
2015.9205479452055	104.37999725341797
2015.9232876712329	106.18000030517578
2015.9315068493152	105.61000061035156
2015.9342465753425	106.48999786376953
2015.9369863013699	104.5999984741211
2015.9397260273972	105.41999816894531
2015.9424657534246	102.12000274658203
2015.9506849315069	104.66000366210938
2015.9534246575342	104.55000305175781
2015.9561643835616	106.79000091552734
2015.958904109589	106.22000122070312
2015.9616438356165	104.04000091552734
2015.9698630136986	104.7699966430664
2015.972602739726	105.51000213623047
2015.9753424657533	104.62999725341797
2015.978082191781	105.0199966430664
2015.9890410958903	105.93000030517578
2015.9917808219177	107.26000213623047
2015.9945205479453	106.22000122070312
2015.9972602739726	104.66000366210938
2016.0081967213114	102.22000122070312
2016.0109289617487	102.7300033569336
2016.0136612021859	102.97000122070312
2016.016393442623	97.91999816894531
2016.01912568306	97.33000183105469
2016.0273224043715	97.51000213623047
2016.0300546448088	99.37000274658203
2016.032786885246	95.44000244140625
2016.035519125683	98.37000274658203
2016.0382513661202	94.97000122070312
2016.049180327869	95.26000213623047
2016.051912568306	94.3499984741211
2016.0546448087432	94.16000366210938
2016.0573770491803	97.94000244140625
2016.0655737704917	97.01000213623047
2016.068306010929	97.33999633789062
2016.0710382513662	94.44999694824219
2016.0737704918033	109.11000061035156
2016.0765027322404	112.20999908447266
2016.0846994535518	115.08999633789062
2016.0874316939892	114.61000061035156
2016.0901639344263	112.69000244140625
2016.0928961748634	110.48999786376953
2016.0956284153006	104.06999969482422
2016.103825136612	99.75
2016.1065573770493	99.54000091552734
2016.1092896174864	101.0
2016.1120218579235	101.91000366210938
2016.1147540983607	102.01000213623047
2016.1256830601094	101.61000061035156
2016.1284153005465	105.19999694824219
2016.1311475409836	103.47000122070312
2016.1338797814208	104.56999969482422
2016.1420765027322	107.16000366210938
2016.1448087431695	105.45999908447266
2016.1475409836066	106.87999725341797
2016.1502732240438	108.06999969482422
2016.1530054644809	107.91999816894531
2016.1612021857923	106.91999816894531
2016.1639344262296	109.81999969482422
2016.1666666666667	109.94999694824219
2016.1693989071039	109.58000183105469
2016.172131147541	108.38999938964844
2016.1803278688524	105.7300033569336
2016.1830601092897	105.93000030517578
2016.1857923497269	107.51000213623047
2016.188524590164	107.31999969482422
2016.191256830601	109.41000366210938
2016.199339708561	109.88999938964844
2016.202071948998	110.66999816894531
2016.2048041894354	112.18000030517578
2016.2075364298726	111.0199966430664
2016.2102686703097	111.44999694824219
2016.218465391621	111.8499984741211
2016.2211976320582	112.25
2016.2239298724955	112.54000091552734
2016.2266621129327	113.05000305175781
2016.2375910746812	113.69000244140625
2016.2403233151183	116.13999938964844
2016.2430555555557	114.69999694824219
2016.2457877959928	114.0999984741211
2016.24852003643	116.05999755859375
2016.2567167577413	112.55000305175781
2016.2594489981784	112.22000122070312
2016.2621812386158	113.70999908447266
2016.264913479053	113.63999938964844
2016.26764571949	110.62999725341797
2016.2758424408014	108.98999786376953
2016.2785746812385	110.61000061035156
2016.2813069216759	110.51000213623047
2016.284039162113	110.83999633789062
2016.2867714025501	109.63999938964844
2016.2949681238615	110.44999694824219
2016.2977003642986	112.29000091552734
2016.300432604736	112.41999816894531
2016.3031648451731	113.44000244140625
2016.3058970856102	110.55999755859375
2016.3140938069216	110.0999984741211
2016.3168260473587	108.76000213623047
2016.319558287796	108.88999938964844
2016.3222905282332	116.7300033569336
2016.3250227686704	117.58000183105469
2016.3332194899817	118.56999969482422
2016.3359517304189	117.43000030517578
2016.3386839708562	118.05999755859375
2016.3414162112933	117.80999755859375
2016.3441484517305	119.48999786376953
2016.3523451730418	119.23999786376953
2016.355077413479	120.5
2016.3578096539163	119.5199966430664
2016.3605418943534	120.27999877929688
2016.3632741347906	119.80999755859375
2016.371470856102	118.66999816894531
2016.374203096539	117.3499984741211
2016.3769353369764	117.6500015258789
2016.3796675774136	116.80999755859375
2016.3823998178507	117.3499984741211
2016.390596539162	115.97000122070312
2016.3933287795992	117.69999694824219
2016.3960610200365	117.88999938964844
2016.3987932604737	119.47000122070312
2016.4015255009108	119.37999725341797
2016.4124544626593	118.80999755859375
2016.4151867030967	118.77999877929688
2016.4179189435338	118.93000030517578
2016.420651183971	118.47000122070312
2016.4288479052823	118.79000091552734
2016.4315801457194	117.76000213623047
2016.4343123861568	118.38999938964844
2016.437044626594	118.55999755859375
2016.439776867031	116.62000274658203
2016.4479735883424	113.94999694824219
2016.4507058287795	114.94000244140625
2016.4534380692166	114.5999984741211
2016.456170309654	114.38999938964844
2016.4589025500911	113.0199966430664
2016.4670992714025	113.37000274658203
2016.4698315118396	114.37999725341797
2016.4725637522768	113.91000366210938
2016.475295992714	115.08000183105469
2016.4780282331512	112.08000183105469
2016.4862249544626	108.97000122070312
2016.4889571948997	112.69999694824219
2016.4916894353369	114.16000366210938
2016.4944216757742	114.27999877929688
2016.4971539162113	114.19000244140625
2016.5080828779599	114.19999694824219
2016.510815118397	116.69999694824219
2016.5135473588343	115.8499984741211
2016.5162795992715	117.23999786376953
2016.5244763205828	117.87000274658203
2016.52720856102	117.93000030517578
2016.529940801457	116.77999877929688
2016.5326730418944	117.29000091552734
2016.5354052823316	116.86000061035156
2016.543602003643	119.37000274658203
2016.54633424408	120.61000061035156
2016.5490664845172	121.91999816894531
2016.5517987249546	120.61000061035156
2016.5545309653917	121.0
2016.562727686703	121.62999725341797
2016.5654599271402	121.22000122070312
2016.5681921675773	123.33999633789062
2016.5709244080147	125.0
2016.5736566484518	123.94000244140625
2016.5818533697632	124.30999755859375
2016.5845856102003	123.08999633789062
2016.5873178506374	122.51000213623047
2016.5900500910748	124.36000061035156
2016.592782331512	125.1500015258789
2016.6009790528233	125.26000213623047
2016.6037112932604	125.05999755859375
2016.6064435336975	124.87999725341797
2016.6091757741349	124.9000015258789
2016.611908014572	124.87999725341797
2016.6201047358834	123.9000015258789
2016.6228369763205	123.30000305175781
2016.6255692167576	124.37000274658203
2016.628301457195	123.91000366210938
2016.6310336976321	123.55999755859375
2016.6392304189435	124.1500015258789
2016.6419626593806	124.37000274658203
2016.6446948998178	123.4800033569336
2016.647427140255	123.88999938964844
2016.6501593806922	124.95999908447266
2016.6583561020036	126.54000091552734
2016.6610883424407	125.83999633789062
2016.6638205828779	126.12000274658203
2016.6665528233152	126.16999816894531
2016.6692850637523	126.51000213623047
2016.6802140255008	129.72999572753906
2016.682946265938	131.0500030517578
2016.6856785063753	130.27000427246094
2016.6884107468125	127.0999984741211
2016.6966074681238	128.69000244140625
2016.699339708561	127.20999908447266
2016.702071948998	127.7699966430664
2016.7048041894354	128.35000610351562
2016.7075364298726	129.07000732421875
2016.715733151184	128.64999389648438
2016.718465391621	128.63999938964844
2016.7211976320582	129.94000244140625
2016.7239298724955	130.0800018310547
2016.7266621129327	127.95999908447266
2016.734858834244	127.30999755859375
2016.7375910746812	128.69000244140625
2016.7403233151183	129.22999572753906
2016.7430555555557	128.08999633789062
2016.7457877959928	128.27000427246094
2016.7539845173042	128.77000427246094
2016.7567167577413	128.19000244140625
2016.7594489981784	128.47000122070312
2016.7621812386158	128.74000549316406
2016.764913479053	128.99000549316406
2016.7731102003643	130.24000549316406
2016.7758424408014	128.8800048828125
2016.7785746812385	129.0500030517578
2016.7813069216759	127.81999969482422
2016.784039162113	127.87999725341797
2016.7922358834244	127.54000091552734
2016.7949681238615	128.57000732421875
2016.7977003642986	130.11000061035156
2016.800432604736	130.0
2016.8031648451731	132.07000732421875
2016.8113615664845	133.27999877929688
2016.8140938069216	132.2899932861328
2016.8168260473587	131.0399932861328
2016.819558287796	129.69000244140625
2016.8222905282332	131.2899932861328
2016.8304872495446	130.99000549316406
2016.8332194899817	129.5
2016.8359517304189	127.16999816894531
2016.8386839708562	120.0
2016.8414162112933	120.75
2016.8497267759562	122.1500015258789
2016.8524590163934	124.22000122070312
2016.8551912568305	123.18000030517578
2016.8579234972678	120.80000305175781
2016.860655737705	119.0199966430664
2016.8688524590164	115.08000183105469
2016.8715846994535	117.19999694824219
2016.8743169398906	116.33999633789062
2016.877049180328	117.79000091552734
2016.879781420765	117.0199966430664
2016.8879781420765	121.7699966430664
2016.8907103825136	121.47000122070312
2016.8934426229507	120.83999633789062
2016.8989071038252	120.37999725341797
2016.9071038251366	120.41000366210938
2016.9098360655737	120.87000274658203
2016.9125683060108	118.41999816894531
2016.9153005464482	115.0999984741211
2016.9180327868853	115.4000015258789
2016.9262295081967	117.43000030517578
2016.9289617486338	117.30999755859375
2016.931693989071	117.94999694824219
2016.9344262295083	118.91000366210938
2016.9371584699454	119.68000030517578
2016.9453551912568	117.7699966430664
2016.948087431694	120.30999755859375
2016.950819672131	120.20999908447266
2016.9535519125684	120.56999969482422
2016.9562841530055	119.87000274658203
2016.964480874317	119.23999786376953
2016.967213114754	119.08999633789062
2016.9699453551912	119.04000091552734
2016.9726775956285	117.4000015258789
2016.9754098360656	117.2699966430664
2016.9863387978141	118.01000213623047
2016.9890710382513	116.91999816894531
2016.9918032786886	116.3499984741211
2016.9945355191257	115.05000305175781
2017.0054794520547	116.86000061035156
2017.0082191780823	118.69000244140625
2017.0109589041097	120.66999816894531
2017.013698630137	123.41000366210938
2017.021917808219	124.9000015258789
2017.0246575342467	124.3499984741211
2017.027397260274	126.08999633789062
2017.0301369863014	126.62000274658203
2017.0328767123287	128.33999633789062
2017.0438356164384	127.87000274658203
2017.0465753424658	127.91999816894531
2017.0493150684931	127.55000305175781
2017.0520547945205	127.04000091552734
2017.0602739726028	128.92999267578125
2017.0630136986301	129.3699951171875
2017.0657534246575	131.47999572753906
2017.0684931506848	132.77999877929688
2017.0712328767124	132.17999267578125
2017.0794520547945	130.97999572753906
2017.0821917808219	130.32000732421875
2017.0849315068492	133.22999572753906
2017.0876712328768	130.83999633789062
2017.0904109589042	130.97999572753906
2017.0986301369862	132.05999755859375
2017.1013698630136	131.83999633789062
2017.1041095890412	134.1999969482422
2017.1068493150685	134.13999938964844
2017.109589041096	134.19000244140625
2017.1178082191782	134.0500030517578
2017.1205479452055	133.85000610351562
2017.123287671233	133.44000244140625
2017.1260273972603	133.83999633789062
2017.1287671232876	133.52999877929688
2017.1397260273973	133.72000122070312
2017.1424657534246	136.1199951171875
2017.145205479452	135.36000061035156
2017.1479452054793	135.44000244140625
2017.1561643835616	136.41000366210938
2017.158904109589	135.5399932861328
2017.1616438356164	137.4199981689453
2017.164383561644	136.75999450683594
2017.1671232876713	137.1699981689453
2017.1753424657534	137.4199981689453
2017.1780821917807	137.3000030517578
2017.1808219178083	137.72000122070312
2017.1835616438357	138.24000549316406
2017.186301369863	138.7899932861328
2017.194406392694	139.60000610351562
2017.1971461187215	139.32000732421875
2017.199885844749	139.72000122070312
2017.2026255707763	139.99000549316406
2017.2053652968036	139.83999633789062
2017.213584474886	139.94000244140625
2017.2163242009133	138.50999450683594
2017.2190639269406	139.58999633789062
2017.221803652968	139.52999877929688
2017.2245433789953	140.33999633789062
2017.2327625570776	140.32000732421875
2017.235502283105	141.75999450683594
2017.2382420091324	142.64999389648438
2017.2409817351597	142.41000366210938
2017.2437214611873	142.0500030517578
2017.2519406392694	142.27999877929688
2017.2546803652967	141.72999572753906
2017.257420091324	141.85000610351562
2017.2601598173517	141.1699981689453
2017.262899543379	140.77999877929688
2017.271118721461	141.0399932861328
2017.2738584474887	139.9199981689453
2017.276598173516	139.5800018310547
2017.2793378995434	139.38999938964844
2017.290296803653	141.4199981689453
2017.2930365296804	140.9600067138672
2017.2957762557078	142.27000427246094
2017.2985159817351	143.8000030517578
2017.3012557077625	143.67999267578125
2017.3094748858448	145.47000122070312
2017.3122146118722	146.49000549316406
2017.3149543378995	146.55999755859375
2017.3176940639269	147.6999969482422
2017.3204337899544	150.25
2017.3286529680365	152.4600067138672
2017.3313926940639	152.77999877929688
2017.3341324200912	151.8000030517578
2017.3368721461188	150.85000610351562
2017.3396118721462	150.24000549316406
2017.3478310502283	151.05999755859375
2017.3505707762556	150.47999572753906
2017.3533105022832	150.2899932861328
2017.3560502283106	150.0399932861328
2017.358789954338	150.3300018310547
2017.36700913242	150.19000244140625
2017.3697488584476	149.77999877929688
2017.372488584475	144.85000610351562
2017.3752283105023	147.66000366210938
2017.3779680365296	148.05999755859375
2017.386187214612	148.24000549316406
2017.3889269406393	148.07000732421875
2017.3916666666667	150.0399932861328
2017.394406392694	151.9600067138672
2017.3971461187214	152.1300048828125
2017.408105022831	152.3800048828125
2017.4108447488584	151.4600067138672
2017.4135844748857	151.52999877929688
2017.4163242009133	153.61000061035156
2017.4245433789954	153.6300048828125
2017.4272831050228	152.80999755859375
2017.4300228310503	153.1199951171875
2017.4327625570777	154.7100067138672
2017.435502283105	149.60000610351562
2017.4437214611871	148.44000244140625
2017.4464611872147	150.67999267578125
2017.449200913242	150.25
2017.4519406392694	149.8000030517578
2017.4546803652968	150.63999938964844
2017.462899543379	152.8699951171875
2017.4656392694064	152.25
2017.4683789954338	153.91000366210938
2017.4711187214612	153.39999389648438
2017.4738584474885	155.07000732421875
2017.4820776255708	153.58999633789062
2017.4848173515982	150.5800018310547
2017.4875570776255	153.24000549316406
2017.4902968036529	151.0399932861328
2017.4930365296805	150.97999572753906
2017.5012557077625	148.42999267578125
2017.5067351598173	150.33999633789062
2017.5094748858448	148.82000732421875
2017.5122146118722	151.44000244140625
2017.5204337899543	153.5
2017.5231735159816	155.27000427246094
2017.5259132420092	158.89999389648438
2017.5286529680366	159.25999450683594
2017.531392694064	159.97000122070312
2017.5396118721462	159.72999572753906
2017.5423515981736	162.86000061035156
2017.545091324201	164.13999938964844
2017.5478310502283	164.52999877929688
2017.5505707762557	164.42999267578125
2017.558789954338	166.0
2017.5615296803653	165.27999877929688
2017.5642694063927	165.61000061035156
2017.56700913242	170.44000244140625
2017.5697488584474	172.4499969482422
2017.5779680365297	169.25
2017.580707762557	169.86000061035156
2017.5834474885844	169.3000030517578
2017.586187214612	168.58999633789062
2017.5889269406393	169.6199951171875
2017.5971461187214	171.97999572753906
2017.5998858447488	171.22999572753906
2017.6026255707764	171.17999267578125
2017.6053652968037	167.39999389648438
2017.608105022831	168.0800018310547
2017.6163242009131	170.75
2017.6190639269407	171.0
2017.621803652968	170.0
2017.6245433789954	166.91000366210938
2017.6272831050228	167.41000366210938
2017.635502283105	167.77999877929688
2017.6382420091325	169.63999938964844
2017.6409817351598	168.7100067138672
2017.6437214611872	167.74000549316406
2017.6464611872145	166.32000732421875
2017.6546803652968	167.24000549316406
2017.6574200913242	168.0500030517578
2017.6601598173515	169.9199981689453
2017.662899543379	171.97000122070312
2017.6656392694065	172.02000427246094
2017.676598173516	170.72000122070312
2017.6793378995433	172.08999633789062
2017.6820776255709	173.2100067138672
2017.6848173515982	170.9499969482422
2017.6930365296803	173.50999450683594
2017.6957762557079	172.9600067138672
2017.6985159817352	173.0500030517578
2017.7012557077626	170.9600067138672
2017.70399543379	171.63999938964844
2017.7122146118722	170.00999450683594
2017.7149543378996	172.52000427246094
2017.717694063927	172.1699981689453
2017.7204337899543	171.11000061035156
2017.7231735159817	170.5399932861328
2017.731392694064	162.8699951171875
2017.7341324200913	164.2100067138672
2017.7368721461187	167.67999267578125
2017.739611872146	168.72999572753906
2017.7423515981736	170.8699951171875
2017.7505707762557	169.47000122070312
2017.753310502283	169.9600067138672
2017.7560502283104	168.4199981689453
2017.758789954338	171.24000549316406
2017.7615296803654	172.22999572753906
2017.7697488584474	172.5
2017.7724885844748	171.58999633789062
2017.7752283105024	172.74000549316406
2017.7779680365297	172.5500030517578
2017.780707762557	173.74000549316406
2017.7889269406392	174.52000427246094
2017.7916666666667	176.11000061035156
2017.794406392694	176.02999877929688
2017.7971461187215	174.55999755859375
2017.7998858447488	174.97999572753906
2017.8081050228311	171.27000427246094
2017.8108447488585	171.8000030517578
2017.8135844748858	170.60000610351562
2017.8163242009132	170.6300048828125
2017.8190639269405	177.8800048828125
2017.8272831050228	179.8699951171875
2017.8300228310502	180.05999755859375
2017.8327625570776	182.66000366210938
2017.835502283105	178.9199981689453
2017.8382420091325	178.9199981689453
2017.8465753424657	180.1699981689453
2017.849315068493	180.25
2017.8520547945207	179.55999755859375
2017.854794520548	179.3000030517578
2017.8575342465754	178.4600067138672
2017.8657534246574	178.77000427246094
2017.868493150685	178.07000732421875
2017.8712328767124	177.9499969482422
2017.8739726027397	179.58999633789062
2017.876712328767	179.0
2017.8849315068494	178.74000549316406
2017.8876712328768	181.86000061035156
2017.890410958904	180.8699951171875
2017.8958904109588	182.77999877929688
2017.9041095890411	183.02999877929688
2017.9068493150685	182.4199981689453
2017.9095890410958	175.1300048828125
2017.9123287671232	177.17999267578125
2017.9150684931508	175.10000610351562
2017.9232876712329	171.47000122070312
2017.9260273972602	172.8300018310547
2017.9287671232876	176.05999755859375
2017.9315068493152	180.13999938964844
2017.9342465753425	179.0
2017.9424657534246	179.0399932861328
2017.945205479452	176.9600067138672
2017.9479452054795	178.3000030517578
2017.9506849315069	178.38999938964844
2017.9534246575342	180.17999267578125
2017.9616438356165	180.82000732421875
2017.964383561644	179.50999450683594
2017.9671232876713	177.88999938964844
2017.9698630136986	177.4499969482422
2017.972602739726	177.1999969482422
2017.9835616438356	175.99000549316406
2017.986301369863	177.6199951171875
2017.9890410958903	177.9199981689453
2017.9917808219177	176.4600067138672
2018.0027397260274	181.4199981689453
2018.0054794520547	184.6699981689453
2018.0082191780823	184.3300018310547
2018.0109589041097	186.85000610351562
2018.0191780821917	188.27999877929688
2018.021917808219	187.8699951171875
2018.0246575342467	187.83999633789062
2018.027397260274	187.77000427246094
2018.0301369863014	179.3699951171875
2018.041095890411	178.38999938964844
2018.0438356164384	177.60000610351562
2018.0465753424658	179.8000030517578
2018.0493150684931	181.2899932861328
2018.0575342465754	185.3699951171875
2018.0602739726028	189.35000610351562
2018.0630136986301	186.5500030517578
2018.0657534246575	187.47999572753906
2018.0684931506848	190.0
2018.0767123287671	185.97999572753906
2018.0794520547945	187.1199951171875
2018.0821917808219	186.88999938964844
2018.0849315068492	193.08999633789062
2018.0876712328768	190.27999877929688
2018.0958904109589	181.25999450683594
2018.0986301369862	185.30999755859375
2018.1013698630136	180.17999267578125
2018.1041095890412	171.5800018310547
2018.1068493150685	176.11000061035156
2018.1150684931506	176.41000366210938
2018.1178082191782	173.14999389648438
2018.1205479452055	179.52000427246094
2018.123287671233	179.9600067138672
2018.1260273972603	177.36000061035156
2018.13698630137	176.00999450683594
2018.1397260273973	177.91000366210938
2018.1424657534246	178.99000549316406
2018.145205479452	183.2899932861328
2018.1534246575343	184.92999267578125
2018.1561643835616	181.4600067138672
2018.158904109589	178.32000732421875
2018.1616438356164	175.94000244140625
2018.164383561644	176.6199951171875
2018.172602739726	180.39999389648438
2018.1753424657534	179.77999877929688
2018.1780821917807	183.7100067138672
2018.1808219178083	182.33999633789062
2018.1835616438357	185.22999572753906
2018.1916666666666	184.75999450683594
2018.194406392694	181.8800048828125
2018.1971461187215	184.19000244140625
2018.199885844749	183.86000061035156
2018.2026255707763	185.08999633789062
2018.2108447488583	172.55999755859375
2018.213584474886	168.14999389648438
2018.2163242009133	169.38999938964844
2018.2190639269406	164.88999938964844
2018.221803652968	159.38999938964844
2018.2300228310503	160.05999755859375
2018.2327625570776	152.22000122070312
2018.235502283105	153.02999877929688
2018.2382420091324	159.7899932861328
2018.249200913242	155.38999938964844
2018.2519406392694	156.11000061035156
2018.2546803652967	155.10000610351562
2018.257420091324	159.33999633789062
2018.2601598173517	157.1999969482422
2018.2683789954337	157.92999267578125
2018.271118721461	165.0399932861328
2018.2738584474887	166.32000732421875
2018.276598173516	163.8699951171875
2018.2793378995434	164.52000427246094
2018.2875570776255	164.8300018310547
2018.290296803653	168.66000366210938
2018.2930365296804	166.36000061035156
2018.2957762557078	168.10000610351562
2018.2985159817351	166.27999877929688
2018.3067351598174	165.83999633789062
2018.3094748858448	159.69000244140625
2018.3122146118722	159.69000244140625
2018.3149543378995	174.16000366210938
2018.3176940639269	173.58999633789062
2018.3259132420092	172.0
2018.3286529680365	173.86000061035156
2018.3313926940639	176.07000732421875
2018.3341324200912	174.02000427246094
2018.3368721461188	176.61000061035156
2018.345091324201	177.97000122070312
2018.3478310502283	178.9199981689453
2018.3505707762556	182.66000366210938
2018.3533105022832	185.52999877929688
2018.3560502283106	186.99000549316406
2018.3642694063926	186.63999938964844
2018.36700913242	184.32000732421875
2018.3697488584476	183.1999969482422
2018.372488584475	183.75999450683594
2018.3752283105023	182.67999267578125
2018.3834474885846	184.49000549316406
2018.386187214612	183.8000030517578
2018.3889269406393	186.89999389648438
2018.3916666666667	185.92999267578125
2018.394406392694	184.9199981689453
2018.4053652968037	185.74000549316406
2018.408105022831	187.6699981689453
2018.4108447488584	191.77999877929688
2018.4135844748857	193.99000549316406
2018.421803652968	193.27999877929688
2018.4245433789954	192.94000244140625
2018.4272831050228	191.33999633789062
2018.4300228310503	188.17999267578125
2018.4327625570777	189.10000610351562
2018.4409817351598	191.5399932861328
2018.4437214611871	192.39999389648438
2018.4464611872147	192.41000366210938
2018.449200913242	196.80999755859375
2018.4519406392694	195.85000610351562
2018.4601598173515	198.30999755859375
2018.462899543379	197.49000549316406
2018.4656392694064	202.0
2018.4683789954338	201.5
2018.4711187214612	201.74000549316406
2018.4793378995435	196.35000610351562
2018.4820776255708	199.0
2018.4848173515982	195.83999633789062
2018.4875570776255	196.22999572753906
2018.4902968036529	194.32000732421875
2018.4985159817352	197.36000061035156
2018.5012557077625	192.72999572753906
2018.5067351598173	198.4499969482422
2018.5094748858448	203.22999572753906
2018.517694063927	204.74000549316406
2018.5204337899543	203.5399932861328
2018.5231735159816	202.5399932861328
2018.5259132420092	206.9199981689453
2018.5286529680366	207.32000732421875
2018.5368721461186	207.22999572753906
2018.5396118721462	209.99000549316406
2018.5423515981736	209.36000061035156
2018.545091324201	208.08999633789062
2018.5478310502283	209.94000244140625
2018.5560502283106	210.91000366210938
2018.558789954338	214.6699981689453
2018.5615296803653	217.5
2018.5642694063927	176.25999450683594
2018.56700913242	174.88999938964844
2018.5752283105023	171.05999755859375
2018.5779680365297	172.5800018310547
2018.580707762557	171.64999389648438
2018.5834474885844	176.3699951171875
2018.586187214612	177.77999877929688
2018.594406392694	185.69000244140625
2018.5971461187214	183.80999755859375
2018.5998858447488	185.17999267578125
2018.6026255707764	183.08999633789062
2018.6053652968037	180.25999450683594
2018.6135844748858	180.0500030517578
2018.6163242009131	181.11000061035156
2018.6190639269407	179.52999877929688
2018.621803652968	174.6999969482422
2018.6245433789954	173.8000030517578
2018.6327625570775	172.5
2018.635502283105	172.6199951171875
2018.6382420091325	173.63999938964844
2018.6409817351598	172.89999389648438
2018.6437214611872	174.64999389648438
2018.6519406392695	177.4600067138672
2018.6546803652968	176.25999450683594
2018.6574200913242	175.89999389648438
2018.6601598173515	177.63999938964844
2018.662899543379	175.72999572753906
2018.6738584474886	171.16000366210938
2018.676598173516	167.17999267578125
2018.6793378995433	162.52999877929688
2018.6820776255709	163.0399932861328
2018.690296803653	164.17999267578125
2018.6930365296803	165.94000244140625
2018.6957762557079	162.0
2018.6985159817352	161.36000061035156
2018.7012557077626	162.32000732421875
2018.7094748858447	160.5800018310547
2018.7122146118722	160.3000030517578
2018.7149543378996	163.05999755859375
2018.717694063927	166.02000427246094
2018.7204337899543	162.92999267578125
2018.7286529680366	165.41000366210938
2018.731392694064	164.91000366210938
2018.7341324200913	166.9499969482422
2018.7368721461187	168.83999633789062
2018.739611872146	164.4600067138672
2018.7478310502283	162.44000244140625
2018.7505707762557	159.3300018310547
2018.753310502283	162.42999267578125
2018.7560502283104	158.85000610351562
2018.758789954338	157.3300018310547
2018.76700913242	157.25
2018.7697488584474	157.89999389648438
2018.7724885844748	151.3800048828125
2018.7752283105024	153.35000610351562
2018.7779680365297	153.74000549316406
2018.7861872146118	153.52000427246094
2018.7889269406392	158.77999877929688
2018.7916666666667	159.4199981689453
2018.794406392694	154.9199981689453
2018.7971461187215	154.0500030517578
2018.8053652968038	154.77999877929688
2018.8081050228311	154.38999938964844
2018.8108447488585	146.0399932861328
2018.8135844748858	150.9499969482422
2018.8163242009132	145.3699951171875
2018.8245433789955	142.08999633789062
2018.8272831050228	146.22000122070312
2018.8300228310502	151.7899932861328
2018.8327625570776	151.75
2018.835502283105	150.35000610351562
2018.8438356164384	148.67999267578125
2018.8465753424657	149.94000244140625
2018.849315068493	151.52999877929688
2018.8520547945207	147.8699951171875
2018.854794520548	144.9600067138672
2018.86301369863	141.5500030517578
2018.8657534246574	142.16000366210938
2018.868493150685	144.22000122070312
2018.8712328767124	143.85000610351562
2018.8739726027397	139.52999877929688
2018.8821917808218	131.5500030517578
2018.8849315068494	132.42999267578125
2018.8876712328768	134.82000732421875
2018.8931506849315	131.72999572753906
2018.9013698630138	136.3800048828125
2018.9041095890411	135.0
2018.9068493150685	136.75999450683594
2018.9095890410958	138.67999267578125
2018.9123287671232	140.61000061035156
2018.9205479452055	141.08999633789062
2018.9232876712329	137.92999267578125
2018.9287671232876	139.6300048828125
2018.9315068493152	137.4199981689453
2018.9397260273972	141.85000610351562
2018.9424657534246	142.0800018310547
2018.945205479452	144.5
2018.9479452054795	145.00999450683594
2018.9506849315069	144.05999755859375
2018.958904109589	140.19000244140625
2018.9616438356165	143.66000366210938
2018.964383561644	133.24000549316406
2018.9671232876713	133.39999389648438
2018.9698630136986	124.94999694824219
2018.978082191781	124.05999755859375
2018.9835616438356	134.17999267578125
2018.986301369863	134.52000427246094
2018.9890410958903	133.1999969482422
2018.9972602739726	131.08999633789062
2019.0027397260274	135.67999267578125
2019.0054794520547	131.74000549316406
2019.0082191780823	137.9499969482422
2019.0164383561644	138.0500030517578
2019.0191780821917	142.52999877929688
2019.021917808219	144.22999572753906
2019.0246575342467	144.1999969482422
2019.027397260274	143.8000030517578
2019.035616438356	145.38999938964844
2019.0383561643835	148.9499969482422
2019.041095890411	147.5399932861328
2019.0438356164384	148.3000030517578
2019.0465753424658	150.0399932861328
2019.0575342465754	147.57000732421875
2019.0602739726028	144.3000030517578
2019.0630136986301	145.8300018310547
2019.0657534246575	149.00999450683594
2019.0739726027398	147.47000122070312
2019.0767123287671	144.19000244140625
2019.0794520547945	150.4199981689453
2019.0821917808219	166.69000244140625
2019.0849315068492	165.7100067138672
2019.0931506849315	169.25
2019.0958904109589	171.16000366210938
2019.0986301369862	170.49000549316406
2019.1013698630136	166.3800048828125
2019.1041095890412	167.3300018310547
2019.1123287671232	165.7899932861328
2019.1150684931506	165.0399932861328
2019.1178082191782	164.07000732421875
2019.1205479452055	163.9499969482422
2019.123287671233	162.5
2019.1342465753426	162.2899932861328
2019.13698630137	162.55999755859375
2019.1397260273973	160.0399932861328
2019.1424657534246	161.88999938964844
2019.150684931507	164.6199951171875
2019.1534246575343	164.1300048828125
2019.1561643835616	162.80999755859375
2019.158904109589	161.4499969482422
2019.1616438356164	162.27999877929688
2019.1698630136987	167.3699951171875
2019.172602739726	171.25999450683594
2019.1753424657534	172.50999450683594
2019.1780821917807	169.1300048828125
2019.1808219178083	169.60000610351562
2019.1889269406392	172.07000732421875
2019.1916666666666	171.9199981689453
2019.194406392694	173.3699951171875
2019.1971461187215	170.1699981689453
2019.199885844749	165.97999572753906
2019.208105022831	160.47000122070312
2019.2108447488583	161.57000732421875
2019.213584474886	165.44000244140625
2019.2163242009133	166.0800018310547
2019.2190639269406	164.33999633789062
2019.227283105023	166.2899932861328
2019.2300228310503	167.67999267578125
2019.2327625570776	165.8699951171875
2019.235502283105	165.5500030517578
2019.2382420091324	166.69000244140625
2019.2464611872147	168.6999969482422
2019.249200913242	174.1999969482422
2019.2519406392694	173.5399932861328
2019.2546803652967	176.02000427246094
2019.257420091324	175.72000122070312
2019.2656392694064	174.92999267578125
2019.2683789954337	177.5800018310547
2019.271118721461	177.82000732421875
2019.2738584474887	177.50999450683594
2019.276598173516	179.10000610351562
2019.2848173515981	179.64999389648438
2019.2875570776255	178.8699951171875
2019.290296803653	178.77999877929688
2019.2930365296804	178.27999877929688
2019.3039954337899	181.44000244140625
2019.3067351598174	183.77999877929688
2019.3094748858448	182.5800018310547
2019.3122146118722	193.25999450683594
2019.3149543378995	191.49000549316406
2019.3231735159818	194.77999877929688
2019.3259132420092	193.39999389648438
2019.3286529680365	193.02999877929688
2019.3313926940639	192.52999877929688
2019.3341324200912	195.47000122070312
2019.3423515981735	193.8800048828125
2019.345091324201	189.77000427246094
2019.3478310502283	189.5399932861328
2019.3505707762556	188.64999389648438
2019.3533105022832	188.33999633789062
2019.3615296803653	181.5399932861328
2019.3642694063926	180.72999572753906
2019.36700913242	186.27000427246094
2019.3697488584476	186.99000549316406
2019.372488584475	185.3000030517578
2019.380707762557	182.72000122070312
2019.3834474885846	184.82000732421875
2019.386187214612	185.32000732421875
2019.3889269406393	180.8699951171875
2019.3916666666667	181.05999755859375
2019.4026255707763	184.30999755859375
2019.4053652968037	182.19000244140625
2019.408105022831	183.00999450683594
2019.4108447488584	177.47000122070312
2019.4190639269407	164.14999389648438
2019.421803652968	167.5
2019.4245433789954	168.1699981689453
2019.4272831050228	168.3300018310547
2019.4300228310503	173.35000610351562
2019.4382420091324	174.82000732421875
2019.4409817351598	178.10000610351562
2019.4437214611871	175.0399932861328
2019.4464611872147	177.47000122070312
2019.449200913242	181.3300018310547
2019.4574200913241	189.00999450683594
2019.4601598173515	188.47000122070312
2019.462899543379	187.47999572753906
2019.4656392694064	189.52999877929688
2019.4683789954338	191.13999938964844
2019.476598173516	192.60000610351562
2019.4793378995435	188.83999633789062
2019.4820776255708	187.66000366210938
2019.4848173515982	189.5
2019.4875570776255	193.0
2019.4957762557078	193.0
2019.4985159817352	195.0
2019.5012557077625	197.1999969482422
2019.5067351598173	196.39999389648438
2019.5149543378996	195.75999450683594
2019.517694063927	199.2100067138672
2019.5204337899543	202.72999572753906
2019.5231735159816	201.22999572753906
2019.5259132420092	204.8699951171875
2019.5341324200913	203.91000366210938
2019.5368721461186	203.83999633789062
2019.5396118721462	201.8000030517578
2019.5423515981736	200.77999877929688
2019.545091324201	198.36000061035156
2019.553310502283	202.32000732421875
2019.5560502283106	202.36000061035156
2019.558789954338	204.66000366210938
2019.5615296803653	200.7100067138672
2019.5642694063927	199.75
2019.572488584475	195.94000244140625
2019.5752283105023	197.0399932861328
2019.5779680365297	194.22999572753906
2019.580707762557	192.72999572753906
2019.5834474885844	189.02000427246094
2019.5916666666667	181.72999572753906
2019.594406392694	184.50999450683594
2019.5971461187214	185.14999389648438
2019.5998858447488	190.16000366210938
2019.6026255707764	187.85000610351562
2019.6108447488584	185.3699951171875
2019.6135844748858	188.4499969482422
2019.6163242009131	179.7100067138672
2019.6190639269407	182.58999633789062
2019.621803652968	183.6999969482422
2019.6300228310502	186.1699981689453
2019.6327625570775	183.80999755859375
2019.635502283105	183.5500030517578
2019.6382420091325	182.0399932861328
2019.6409817351598	177.75
2019.649200913242	180.36000061035156
2019.6519406392695	181.3000030517578
2019.6546803652968	181.75999450683594
2019.6574200913242	185.57000732421875
2019.6601598173515	185.6699981689453
2019.6711187214612	182.38999938964844
2019.6738584474886	187.13999938964844
2019.676598173516	190.89999389648438
2019.6793378995433	187.49000549316406
2019.6875570776256	188.75999450683594
2019.690296803653	186.1699981689453
2019.6930365296803	188.49000549316406
2019.6957762557079	187.47000122070312
2019.6985159817352	187.19000244140625
2019.7067351598173	186.22000122070312
2019.7094748858447	188.0800018310547
2019.7122146118722	188.13999938964844
2019.7149543378996	190.13999938964844
2019.717694063927	189.92999267578125
2019.725913242009	186.82000732421875
2019.7286529680366	181.27999877929688
2019.731392694064	182.8000030517578
2019.7341324200913	180.11000061035156
2019.7368721461187	177.10000610351562
2019.745091324201	178.0800018310547
2019.7478310502283	175.80999755859375
2019.7505707762557	174.60000610351562
2019.753310502283	179.3800048828125
2019.7560502283104	180.4499969482422
2019.7642694063927	179.67999267578125
2019.76700913242	177.75
2019.7697488584474	179.85000610351562
2019.7724885844748	180.02999877929688
2019.7752283105024	184.19000244140625
2019.7834474885844	183.27999877929688
2019.7861872146118	188.88999938964844
2019.7889269406392	189.5500030517578
2019.7916666666667	190.38999938964844
2019.794406392694	185.85000610351562
2019.8026255707762	189.75999450683594
2019.8053652968038	182.33999633789062
2019.8081050228311	186.14999389648438
2019.8108447488585	186.3800048828125
2019.8135844748858	187.88999938964844
2019.8218036529681	189.39999389648438
2019.8245433789955	189.30999755859375
2019.8272831050228	188.25
2019.8300228310502	191.64999389648438
2019.8327625570776	193.6199951171875
2019.841095890411	194.72000122070312
2019.8438356164384	194.32000732421875
2019.8465753424657	191.5500030517578
2019.849315068493	190.4199981689453
2019.8520547945207	190.83999633789062
2019.8602739726027	189.61000061035156
2019.86301369863	194.47000122070312
2019.8657534246574	193.19000244140625
2019.868493150685	193.14999389648438
2019.8712328767124	195.10000610351562
2019.8794520547945	197.39999389648438
2019.8821917808218	199.32000732421875
2019.8849315068494	197.50999450683594
2019.8876712328768	197.92999267578125
2019.890410958904	198.82000732421875
2019.8986301369864	199.7899932861328
2019.9013698630138	198.97000122070312
2019.9041095890411	202.0
2019.9095890410958	201.63999938964844
2019.9178082191781	199.6999969482422
2019.9205479452055	198.82000732421875
2019.9232876712329	198.7100067138672
2019.9260273972602	199.36000061035156
2019.9287671232876	201.0500030517578
2019.9369863013699	201.33999633789062
2019.9397260273972	200.8699951171875
2019.9424657534246	202.25999450683594
2019.945205479452	196.75
2019.9479452054795	194.11000061035156
2019.9561643835616	197.9199981689453
2019.958904109589	198.38999938964844
2019.9616438356165	202.5
2019.964383561644	206.05999755859375
2019.9671232876713	206.3000030517578
2019.9753424657533	206.17999267578125
2019.978082191781	205.1199951171875
2019.9835616438356	207.7899932861328
2019.986301369863	208.10000610351562
2019.9945205479453	204.41000366210938
2019.9972602739726	205.25
2020.0027322404371	209.77999877929688
2020.0054644808743	208.6699981689453
2020.0136612021859	212.60000610351562
2020.016393442623	213.05999755859375
2020.01912568306	215.22000122070312
2020.0218579234972	218.3000030517578
2020.0245901639344	218.05999755859375
2020.032786885246	221.91000366210938
2020.035519125683	219.05999755859375
2020.0382513661202	221.14999389648438
2020.0409836065573	221.77000427246094
2020.0437158469945	222.13999938964844
2020.0546448087432	221.44000244140625
2020.0573770491803	221.32000732421875
2020.0601092896175	219.75999450683594
2020.0628415300546	217.94000244140625
2020.0710382513662	214.8699951171875
2020.0737704918033	217.7899932861328
2020.0765027322404	223.22999572753906
2020.0792349726776	209.52999877929688
2020.0819672131147	201.91000366210938
2020.0901639344263	204.19000244140625
2020.0928961748634	209.8300018310547
2020.0956284153006	210.11000061035156
2020.0983606557377	210.85000610351562
2020.1010928961748	212.3300018310547
2020.1092896174864	213.05999755859375
2020.1120218579235	207.19000244140625
2020.1147540983607	210.75999450683594
2020.1174863387978	213.13999938964844
2020.120218579235	214.17999267578125
2020.1311475409836	217.8000030517578
2020.1338797814208	217.49000549316406
2020.136612021858	214.5800018310547
2020.139344262295	210.17999267578125
2020.1475409836066	200.72000122070312
2020.1502732240438	196.77000427246094
2020.1530054644809	197.1999969482422
2020.155737704918	189.75
2020.1584699453551	192.47000122070312
2020.1666666666667	196.44000244140625
2020.1693989071039	185.88999938964844
2020.172131147541	191.75999450683594
2020.1748633879781	185.1699981689453
2020.1775956284152	181.08999633789062
2020.1856785063753	169.5
2020.1884107468125	178.19000244140625
2020.1911429872496	170.24000549316406
2020.1938752276867	154.47000122070312
2020.1966074681238	170.27999877929688
2020.2048041894354	146.00999450683594
2020.2075364298726	149.4199981689453
2020.2102686703097	146.9600067138672
2020.2130009107468	153.1300048828125
2020.215733151184	149.72999572753906
2020.2239298724955	148.10000610351562
2020.2266621129327	160.97999572753906
2020.2293943533698	156.2100067138672
2020.232126593807	163.33999633789062
2020.234858834244	156.7899932861328
2020.2430555555557	165.9499969482422
2020.2457877959928	166.8000030517578
2020.24852003643	159.60000610351562
2020.251252276867	158.19000244140625
2020.2539845173042	154.17999267578125
2020.2621812386158	165.5500030517578
2020.264913479053	168.8300018310547
2020.26764571949	174.27999877929688
2020.2703779599271	175.19000244140625
2020.2813069216759	174.7899932861328
2020.284039162113	178.1699981689453
2020.2867714025501	176.97000122070312
2020.2895036429873	176.25
2020.2922358834244	179.24000549316406
2020.300432604736	178.24000549316406
2020.3031648451731	170.8000030517578
2020.3058970856102	182.27999877929688
2020.3086293260474	185.1300048828125
2020.3113615664845	190.07000732421875
2020.319558287796	187.5
2020.3222905282332	182.91000366210938
2020.3250227686704	194.19000244140625
2020.3277550091075	204.7100067138672
2020.3304872495446	202.27000427246094
2020.3386839708562	205.25999450683594
2020.3414162112933	207.07000732421875
2020.3441484517305	208.47000122070312
2020.3468806921676	211.25999450683594
2020.3496129326047	212.35000610351562
2020.3578096539163	213.17999267578125
2020.3605418943534	210.10000610351562
2020.3632741347906	205.10000610351562
2020.3660063752277	206.80999755859375
2020.3687386156648	210.8800048828125
2020.3769353369764	213.19000244140625
2020.3796675774136	216.8800048828125
2020.3823998178507	229.97000122070312
2020.3851320582878	231.38999938964844
2020.387864298725	234.91000366210938
2020.3987932604737	232.1999969482422
2020.4015255009108	229.13999938964844
2020.404257741348	225.4600067138672
2020.406989981785	225.08999633789062
2020.4151867030967	231.91000366210938
2020.4179189435338	232.72000122070312
2020.420651183971	230.16000366210938
2020.423383424408	226.2899932861328
2020.4261156648452	230.77000427246094
2020.4343123861568	231.39999389648438
2020.437044626594	238.6699981689453
2020.439776867031	236.72999572753906
2020.4425091074681	224.42999267578125
2020.4452413479053	228.5800018310547
2020.4534380692166	232.5
2020.456170309654	235.64999389648438
2020.4589025500911	235.52999877929688
2020.4616347905283	235.94000244140625
2020.4643670309654	238.7899932861328
2020.4725637522768	239.22000122070312
2020.475295992714	242.24000549316406
2020.4780282331512	234.02000427246094
2020.4807604735884	235.67999267578125
2020.4834927140255	216.0800018310547
2020.4916894353369	220.63999938964844
2020.4944216757742	227.07000732421875
2020.4971539162113	237.5500030517578
2020.4998861566485	233.4199981689453
2020.510815118397	240.27999877929688
2020.5135473588343	240.86000061035156
2020.5162795992715	243.5800018310547
2020.5190118397086	244.5
2020.5217440801457	245.07000732421875
2020.529940801457	239.0
2020.5326730418944	239.72999572753906
2020.5354052823316	240.27999877929688
2020.5381375227687	240.92999267578125
2020.5408697632058	242.02999877929688
2020.5490664845172	245.4199981689453
2020.5517987249546	241.75
2020.5545309653917	239.8699951171875
2020.5572632058288	232.60000610351562
2020.559995446266	230.7100067138672
2020.5681921675773	233.5
2020.5709244080147	230.1199951171875
2020.5736566484518	233.2899932861328
2020.576388888889	234.5
2020.579121129326	253.6699981689453
2020.5873178506374	251.9600067138672
2020.5900500910748	249.8300018310547
2020.592782331512	249.1199951171875
2020.595514571949	265.2799987792969
2020.5982468123862	268.44000244140625
2020.6064435336975	263.0
2020.6091757741349	256.1300048828125
2020.611908014572	259.8900146484375
2020.6146402550091	261.29998779296875
2020.6173724954463	261.239990234375
2020.6255692167576	261.1600036621094
2020.628301457195	262.3399963378906
2020.6310336976321	262.5899963378906
2020.6337659380692	269.010009765625
2020.6364981785064	267.010009765625
2020.6446948998178	271.3900146484375
2020.647427140255	280.82000732421875
2020.6501593806922	303.9100036621094
2020.6528916211294	293.2200012207031
2020.6556238615665	293.6600036621094
2020.6638205828779	293.20001220703125
2020.6665528233152	295.44000244140625
2020.6692850637523	302.5
2020.6720173041895	291.1199951171875
2020.6747495446266	282.7300109863281
2020.6856785063753	271.1600036621094
2020.6884107468125	273.7200012207031
2020.6911429872496	268.0899963378906
2020.6938752276867	266.6099853515625
2020.702071948998	266.1499938964844
2020.7048041894354	272.4200134277344
2020.7075364298726	263.5199890136719
2020.7102686703097	254.82000732421875
2020.7130009107468	252.52999877929688
2020.7211976320582	248.14999389648438
2020.7239298724955	254.75
2020.7266621129327	249.02000427246094
2020.7293943533698	249.52999877929688
2020.732126593807	254.82000732421875
2020.7403233151183	256.82000732421875
2020.7430555555557	261.7900085449219
2020.7457877959928	261.8999938964844
2020.74852003643	266.6300048828125
2020.751252276867	259.94000244140625
2020.7594489981784	264.6499938964844
2020.7621812386158	258.6600036621094
2020.764913479053	258.1199951171875
2020.76764571949	263.760009765625
2020.7703779599271	264.45001220703125
2020.7785746812385	275.75
2020.7813069216759	276.1400146484375
2020.784039162113	271.82000732421875
2020.7867714025501	266.7200012207031
2020.7895036429873	265.92999267578125
2020.7977003642986	261.3999938964844
2020.800432604736	267.55999755859375
2020.8031648451731	278.7300109863281
2020.8058970856102	278.1199951171875
2020.8086293260474	284.7900085449219
2020.8168260473587	277.1099853515625
2020.819558287796	283.2900085449219
2020.8222905282332	267.6700134277344
2020.8250227686704	280.8299865722656
2020.8277550091075	263.1099853515625
2020.8360655737704	261.3599853515625
2020.8387978142077	265.29998779296875
2020.8415300546449	287.3800048828125
2020.844262295082	294.67999267578125
2020.8469945355191	293.4100036621094
2020.8551912568305	278.7699890136719
2020.8579234972678	272.42999267578125
2020.860655737705	276.4800109863281
2020.863387978142	275.0799865722656
2020.8661202185792	276.95001220703125
2020.8743169398906	278.9599914550781
2020.877049180328	275.0
2020.879781420765	271.9700012207031
2020.8825136612022	272.94000244140625
2020.8852459016393	269.70001220703125
2020.8934426229507	268.42999267578125
2020.896174863388	276.9200134277344
2020.8989071038252	275.5899963378906
2020.9043715846994	277.80999755859375
2020.9125683060108	276.9700012207031
2020.9153005464482	286.54998779296875
2020.9180327868853	287.5199890136719
2020.9207650273224	281.8500061035156
2020.9234972677596	279.70001220703125
2020.931693989071	285.5799865722656
2020.9344262295083	283.3999938964844
2020.9371584699454	277.9200134277344
2020.9398907103825	277.1199951171875
2020.9426229508197	273.54998779296875
2020.950819672131	274.19000244140625
2020.9535519125684	275.54998779296875
2020.9562841530055	275.6700134277344
2020.9590163934427	274.4800109863281
2020.9617486338798	276.3999938964844
2020.9699453551912	272.7900085449219
2020.9726775956285	267.0899963378906
2020.9754098360656	268.1099853515625
2020.9781420765028	267.3999938964844
2020.9890710382513	277.0
2020.9918032786886	276.7799987792969
2020.9945355191257	271.8699951171875
2020.9972677595629	273.1600036621094
2021.0082191780823	268.94000244140625
2021.0109589041097	270.9700012207031
2021.013698630137	263.30999755859375
2021.0164383561644	268.739990234375
2021.0191780821917	267.57000732421875
2021.027397260274	256.8399963378906
2021.0301369863014	251.08999633789062
2021.0328767123287	251.63999938964844
2021.035616438356	245.63999938964844
2021.0383561643835	251.36000061035156
2021.0493150684931	261.1000061035156
2021.0520547945205	267.4800109863281
2021.054794520548	272.8699951171875
2021.0575342465754	274.5
2021.0657534246575	278.010009765625
2021.0684931506848	282.04998779296875
2021.0712328767124	272.1400146484375
2021.0739726027398	265.0
2021.0767123287671	258.3299865722656
2021.0849315068492	262.010009765625
2021.0876712328768	267.0799865722656
2021.0904109589042	266.6499938964844
2021.0931506849315	266.489990234375
2021.0958904109589	268.1000061035156
2021.1041095890412	266.5799865722656
2021.1068493150685	269.45001220703125
2021.109589041096	271.8699951171875
2021.1123287671232	270.3900146484375
2021.1150684931506	270.5
2021.1260273972603	273.9700012207031
2021.1287671232876	273.57000732421875
2021.131506849315	269.3900146484375
2021.1342465753426	261.55999755859375
2021.1424657534246	260.3299865722656
2021.145205479452	265.8599853515625
2021.1479452054793	264.30999755859375
2021.150684931507	254.69000244140625
2021.1534246575343	257.6199951171875
2021.1616438356164	264.9100036621094
2021.164383561644	259.0
2021.1671232876713	255.41000366210938
2021.1698630136987	257.6400146484375
2021.172602739726	264.2799987792969
2021.1808219178083	255.30999755859375
2021.1835616438357	265.739990234375
2021.186301369863	264.8999938964844
2021.1890410958904	273.8800048828125
2021.1917808219177	268.3999938964844
2021.199885844749	273.75
2021.2026255707763	279.2799987792969
2021.2053652968036	284.010009765625
2021.208105022831	278.6199951171875
2021.2108447488583	290.1099853515625
2021.2190639269406	293.5400085449219
2021.221803652968	290.6300048828125
2021.2245433789953	282.1400146484375
2021.227283105023	278.739990234375
2021.2300228310503	283.0199890136719
2021.2382420091324	290.82000732421875
2021.2409817351597	288.0
2021.2437214611873	294.5299987792969
2021.2464611872147	298.6600036621094
2021.257420091324	308.9100036621094
2021.2601598173517	306.260009765625
2021.262899543379	313.0899963378906
2021.2656392694064	313.0199890136719
2021.2683789954337	312.4599914550781
2021.276598173516	311.5400085449219
2021.2793378995434	309.760009765625
2021.2820776255708	302.82000732421875
2021.2848173515981	307.82000732421875
2021.2875570776255	306.17999267578125
2021.2957762557078	302.239990234375
2021.2985159817351	302.6499938964844
2021.3012557077625	301.4700012207031
2021.3039954337899	296.5199890136719
2021.3067351598174	301.1300048828125
2021.3149543378995	303.0400085449219
2021.3176940639269	303.57000732421875
2021.3204337899544	307.1000061035156
2021.3231735159818	329.510009765625
2021.3259132420092	325.0799865722656
2021.3341324200912	322.5799865722656
2021.3368721461188	318.3599853515625
2021.3396118721462	315.0199890136719
2021.3423515981735	320.0199890136719
2021.345091324201	319.0799865722656
2021.3533105022832	305.9700012207031
2021.3560502283106	306.5299987792969
2021.358789954338	302.54998779296875
2021.3615296803653	305.260009765625
2021.3642694063926	315.94000244140625
2021.372488584475	315.4599914550781
2021.3752283105023	309.9599914550781
2021.3779680365296	313.5899963378906
2021.380707762557	318.6099853515625
2021.3834474885846	316.2300109863281
2021.3916666666667	324.6300048828125
2021.394406392694	327.7900085449219
2021.3971461187214	327.6600036621094
2021.399885844749	332.75
2021.4026255707763	328.7300109863281
2021.4135844748857	329.1300048828125
2021.4163242009133	329.1499938964844
2021.4190639269407	326.0400085449219
2021.421803652968	330.3500061035156
2021.4300228310503	336.5799865722656
2021.4327625570777	333.67999267578125
2021.435502283105	330.25
2021.4382420091324	332.4599914550781
2021.4409817351598	331.260009765625
2021.449200913242	336.7699890136719
2021.4519406392694	336.75
2021.4546803652968	331.0799865722656
2021.4574200913241	336.510009765625
2021.4601598173515	329.6600036621094
2021.4683789954338	332.2900085449219
2021.4711187214612	339.0299987792969
2021.4738584474885	340.5899963378906
2021.476598173516	343.17999267578125
2021.4793378995435	341.3699951171875
2021.4875570776255	355.6400146484375
2021.4902968036529	351.8900146484375
2021.4930365296805	347.7099914550781
2021.4957762557078	354.3900146484375
2021.4985159817352	354.70001220703125
2021.5094748858448	352.7799987792969
2021.5122146118722	350.489990234375
2021.5149543378996	345.6499938964844
2021.517694063927	350.4200134277344
2021.5259132420092	353.1600036621094
2021.5286529680366	352.0899963378906
2021.531392694064	347.6300048828125
2021.5341324200913	344.4599914550781
2021.5368721461186	341.1600036621094
2021.545091324201	336.95001220703125
2021.5478310502283	341.6600036621094
2021.5505707762557	346.2300109863281
2021.553310502283	351.19000244140625
2021.5560502283106	369.7900085449219
2021.5642694063927	372.4599914550781
2021.56700913242	367.80999755859375
2021.5697488584474	373.2799987792969
2021.572488584475	358.32000732421875
2021.5752283105023	356.29998779296875
2021.5834474885844	351.95001220703125
2021.586187214612	351.239990234375
2021.5889269406393	358.9200134277344
2021.5916666666667	362.9700012207031
2021.594406392694	363.510009765625
2021.6026255707764	361.6099853515625
2021.6053652968037	361.1300048828125
2021.608105022831	359.9599914550781
2021.6108447488584	362.6499938964844
2021.6135844748858	363.17999267578125
2021.621803652968	366.55999755859375
2021.6245433789954	358.45001220703125
2021.6272831050228	355.45001220703125
2021.6300228310502	355.1199951171875
2021.6327625570775	359.3699951171875
2021.6409817351598	363.3500061035156
2021.6437214611872	365.510009765625
2021.6464611872145	368.3900146484375
2021.649200913242	364.3800048828125
2021.6519406392695	372.6300048828125
2021.6601598173515	380.6600036621094
2021.662899543379	379.3800048828125
2021.6656392694065	382.04998779296875
2021.6683789954338	375.2799987792969
2021.6711187214612	376.260009765625
2021.6820776255709	382.17999267578125
2021.6848173515982	377.57000732421875
2021.6875570776256	378.0
2021.690296803653	378.69000244140625
2021.6985159817352	376.510009765625
2021.7012557077626	376.5299987792969
2021.70399543379	373.9200134277344
2021.7067351598173	373.05999755859375
2021.7094748858447	364.7200012207031
2021.717694063927	355.70001220703125
2021.7204337899543	357.4800109863281
2021.7231735159817	343.2099914550781
2021.725913242009	345.9599914550781
2021.7286529680366	352.9599914550781
2021.7368721461187	353.5799865722656
2021.739611872146	340.6499938964844
2021.7423515981736	339.6099853515625
2021.745091324201	339.3900146484375
2021.7478310502283	343.010009765625
2021.7560502283104	326.2300109863281
2021.758789954338	332.9599914550781
2021.7615296803654	333.6400146484375
2021.7642694063927	329.2200012207031
2021.76700913242	330.04998779296875
2021.7752283105024	325.45001220703125
2021.7779680365297	323.7699890136719
2021.780707762557	324.5400085449219
2021.7834474885844	328.5299987792969
2021.7861872146118	324.760009765625
2021.794406392694	335.3399963378906
2021.7971461187215	339.989990234375
2021.7998858447488	340.7799987792969
2021.8026255707762	341.8800048828125
2021.8053652968038	324.6099853515625
2021.8135844748858	328.69000244140625
2021.8163242009132	315.80999755859375
2021.8190639269405	312.2200012207031
2021.8218036529681	316.9200134277344
2021.8245433789955	323.57000732421875
2021.8327625570776	329.9800109863281
2021.835502283105	328.0799865722656
2021.8382420091325	331.6199951171875
2021.8409817351599	335.8500061035156
2021.8437214611872	341.1300048828125
2021.8520547945207	338.6199951171875
2021.854794520548	335.3699951171875
2021.8575342465754	327.6400146484375
2021.8602739726027	327.739990234375
2021.86301369863	340.8900146484375
2021.8712328767124	347.55999755859375
2021.8739726027397	342.9599914550781
2021.876712328767	340.7699890136719
2021.8794520547945	338.69000244140625
2021.8821917808218	345.29998779296875
2021.890410958904	341.010009765625
2021.8931506849315	337.25
2021.8958904109588	341.05999755859375
2021.9013698630138	333.1199951171875
2021.9095890410958	338.0299987792969
2021.9123287671232	324.4599914550781
2021.9150684931508	310.6000061035156
2021.9178082191781	310.3900146484375
2021.9205479452055	306.8399963378906
2021.9287671232876	317.8699951171875
2021.9315068493152	322.80999755859375
2021.9342465753425	330.55999755859375
2021.9369863013699	329.82000732421875
2021.9397260273972	329.75
2021.9479452054795	334.489990234375
2021.9506849315069	333.739990234375
2021.9534246575342	341.6600036621094
2021.9561643835616	334.8999938964844
2021.958904109589	333.7900085449219
2021.9671232876713	325.45001220703125
2021.9698630136986	334.20001220703125
2021.972602739726	330.45001220703125
2021.9753424657533	335.239990234375
2021.986301369863	346.17999267578125
2021.9890410958903	346.2200012207031
2021.9917808219177	342.94000244140625
2021.9945205479453	344.3599853515625
2021.9972602739726	336.3500061035156
2022.0054794520547	338.5400085449219
2022.0082191780823	336.5299987792969
2022.0109589041097	324.1700134277344
2022.013698630137	332.4599914550781
2022.0164383561644	331.7900085449219
2022.0246575342467	328.07000732421875
2022.027397260274	334.3699951171875
2022.0301369863014	333.260009765625
2022.0328767123287	326.4800109863281
2022.035616438356	331.8999938964844
2022.0465753424658	318.1499938964844
2022.0493150684931	319.5899963378906
2022.0520547945205	316.55999755859375
2022.054794520548	303.1700134277344
2022.0630136986301	308.7099914550781
2022.0657534246575	300.1499938964844
2022.0684931506848	294.6300048828125
2022.0712328767124	294.6400146484375
2022.0739726027398	301.7099914550781
2022.0821917808219	313.260009765625
2022.0849315068492	319.0
2022.0876712328768	323.0
2022.0904109589042	237.75999450683594
2022.0931506849315	237.08999633789062
2022.1013698630136	224.91000366210938
2022.1041095890412	220.17999267578125
2022.1068493150685	232.0
2022.109589041096	228.07000732421875
2022.1123287671232	219.5500030517578
2022.1205479452055	217.6999969482422
2022.123287671233	221.0
2022.1260273972603	216.5399932861328
2022.1287671232876	207.7100067138672
2022.131506849315	206.16000366210938
2022.1424657534246	202.0800018310547
2022.145205479452	198.4499969482422
2022.1479452054793	207.60000610351562
2022.150684931507	210.47999572753906
2022.158904109589	211.02999877929688
2022.1616438356164	203.49000549316406
2022.164383561644	208.11000061035156
2022.1671232876713	202.97000122070312
2022.1698630136987	200.05999755859375
2022.1780821917807	187.47000122070312
2022.1808219178083	190.2899932861328
2022.1835616438357	198.5
2022.186301369863	195.2100067138672
2022.1890410958904	187.61000061035156
2022.1971461187215	186.6300048828125
2022.199885844749	192.02999877929688
2022.2026255707763	203.6300048828125
2022.2053652968036	207.83999633789062
2022.208105022831	216.49000549316406
2022.2163242009133	211.49000549316406
2022.2190639269406	216.64999389648438
2022.221803652968	213.4600067138672
2022.2245433789953	219.57000732421875
2022.227283105023	221.82000732421875
2022.235502283105	223.58999633789062
2022.2382420091324	229.86000061035156
2022.2409817351597	227.85000610351562
2022.2437214611873	222.36000061035156
2022.2464611872147	224.85000610351562
2022.2546803652967	233.88999938964844
2022.257420091324	231.83999633789062
2022.2601598173517	223.3000030517578
2022.262899543379	222.9499969482422
2022.2656392694064	222.3300018310547
2022.2738584474887	216.4600067138672
2022.276598173516	214.13999938964844
2022.2793378995434	214.99000549316406
2022.2820776255708	210.17999267578125
2022.2930365296804	210.77000427246094
2022.2957762557078	217.30999755859375
2022.2985159817351	200.4199981689453
2022.3012557077625	188.07000732421875
2022.3039954337899	184.11000061035156
2022.3122146118722	186.99000549316406
2022.3149543378995	180.9499969482422
2022.3176940639269	174.9499969482422
2022.3204337899544	205.72999572753906
2022.3231735159818	200.47000122070312
2022.3313926940639	211.1300048828125
2022.3341324200912	212.02999877929688
2022.3368721461188	223.41000366210938
2022.3396118721462	208.27999877929688
2022.3423515981735	203.77000427246094
2022.3505707762556	196.2100067138672
2022.3533105022832	197.64999389648438
2022.3560502283106	188.74000549316406
2022.358789954338	191.24000549316406
2022.3615296803653	198.6199951171875
2022.3697488584476	200.0399932861328
2022.372488584475	202.6199951171875
2022.3752283105023	192.24000549316406
2022.3779680365296	191.2899932861328
2022.380707762557	193.5399932861328
2022.3889269406393	196.22999572753906
2022.3916666666667	181.27999877929688
2022.394406392694	183.8300018310547
2022.3971461187214	191.6300048828125
2022.399885844749	195.1300048828125
2022.4108447488584	193.63999938964844
2022.4135844748857	188.63999938964844
2022.4163242009133	198.86000061035156
2022.4190639269407	190.77999877929688
2022.4272831050228	194.25
2022.4300228310503	195.64999389648438
2022.4327625570777	196.63999938964844
2022.435502283105	184.0
2022.4382420091324	175.57000732421875
2022.4464611872147	164.25999450683594
2022.449200913242	163.72999572753906
2022.4519406392694	169.35000610351562
2022.4546803652968	160.8699951171875
2022.4574200913241	163.74000549316406
2022.4683789954338	157.0500030517578
2022.4711187214612	155.85000610351562
2022.4738584474885	158.75
2022.476598173516	170.16000366210938
2022.4848173515982	169.49000549316406
2022.4875570776255	160.67999267578125
2022.4902968036529	163.94000244140625
2022.4930365296805	161.25
2022.4957762557078	160.02999877929688
2022.5067351598173	168.19000244140625
2022.5094748858448	169.77000427246094
2022.5122146118722	172.19000244140625
2022.5149543378996	170.8800048828125
2022.5231735159816	162.8800048828125
2022.5259132420092	163.27000427246094
2022.5286529680366	163.49000549316406
2022.531392694064	158.0500030517578
2022.5341324200913	164.6999969482422
2022.5423515981736	167.22999572753906
2022.545091324201	175.77999877929688
2022.5478310502283	183.08999633789062
2022.5505707762557	183.1699981689453
2022.553310502283	169.27000427246094
2022.5615296803653	166.64999389648438
2022.5642694063927	159.14999389648438
2022.56700913242	169.5800018310547
2022.5697488584474	160.72000122070312
2022.572488584475	159.10000610351562
2022.580707762557	159.92999267578125
2022.5834474885844	160.19000244140625
2022.586187214612	168.8000030517578
2022.5889269406393	170.57000732421875
2022.5916666666667	167.11000061035156
2022.5998858447488	170.25
2022.6026255707764	168.52999877929688
2022.6053652968037	178.33999633789062
2022.608105022831	177.49000549316406
2022.6108447488584	180.5
2022.6190639269407	180.88999938964844
2022.621803652968	179.47000122070312
2022.6245433789954	174.85000610351562
2022.6272831050228	174.66000366210938
2022.6300228310502	167.9600067138672
2022.6382420091325	163.0500030517578
2022.6409817351598	161.11000061035156
2022.6437214611872	163.25999450683594
2022.6464611872145	168.77999877929688
2022.649200913242	161.77999877929688
2022.6574200913242	159.1699981689453
2022.6601598173515	157.16000366210938
2022.662899543379	162.92999267578125
2022.6656392694065	165.36000061035156
2022.6683789954338	160.32000732421875
2022.6793378995433	158.5399932861328
2022.6820776255709	160.38999938964844
2022.6848173515982	162.05999755859375
2022.6875570776256	169.14999389648438
2022.6957762557079	168.9600067138672
2022.6985159817352	153.1300048828125
2022.7012557077626	151.47000122070312
2022.70399543379	149.5500030517578
2022.7067351598173	146.2899932861328
2022.7149543378996	148.02000427246094
2022.717694063927	146.08999633789062
2022.7204337899543	142.1199951171875
2022.7231735159817	142.82000732421875
2022.725913242009	140.41000366210938
2022.7341324200913	136.3699951171875
2022.7368721461187	134.39999389648438
2022.739611872146	141.61000061035156
2022.7423515981736	136.41000366210938
2022.745091324201	135.67999267578125
2022.753310502283	138.61000061035156
2022.7560502283104	140.27999877929688
2022.758789954338	138.97999572753906
2022.7615296803654	139.07000732421875
2022.7642694063927	133.4499969482422
2022.7724885844748	133.7899932861328
2022.7752283105024	128.5399932861328
2022.7779680365297	127.5
2022.780707762557	130.2899932861328
2022.7834474885844	126.76000213623047
2022.7916666666667	134.0399932861328
2022.794406392694	132.8000030517578
2022.7971461187215	133.22999572753906
2022.7998858447488	131.52999877929688
2022.8026255707762	130.00999450683594
2022.8108447488585	129.72000122070312
2022.8135844748858	137.50999450683594
2022.8163242009132	129.82000732421875
2022.8190639269405	97.94000244140625
2022.8218036529681	99.19999694824219
2022.8300228310502	93.16000366210938
2022.8327625570776	95.19999694824219
2022.835502283105	90.54000091552734
2022.8382420091325	88.91000366210938
2022.8409817351599	90.79000091552734
2022.849315068493	96.72000122070312
2022.8520547945207	96.47000122070312
2022.854794520548	101.47000122070312
2022.8575342465754	111.87000274658203
2022.8602739726027	113.0199966430664
2022.868493150685	114.22000122070312
2022.8712328767124	117.08000183105469
2022.8739726027397	113.2300033569336
2022.876712328767	111.44999694824219
2022.8794520547945	112.05000305175781
2022.8876712328768	109.86000061035156
2022.890410958904	111.44000244140625
2022.8931506849315	112.23999786376953
2022.8986301369864	111.41000366210938
2022.9068493150685	108.77999877929688
2022.9095890410958	109.45999908447266
2022.9123287671232	118.0999984741211
2022.9150684931508	120.44000244140625
2022.9178082191781	123.48999786376953
2022.9260273972602	122.43000030517578
2022.9287671232876	114.12000274658203
2022.9315068493152	113.93000030517578
2022.9342465753425	115.33000183105469
2022.9369863013699	115.9000015258789
2022.945205479452	114.70999908447266
2022.9479452054795	120.1500015258789
2022.9506849315069	121.58999633789062
2022.9534246575342	116.1500015258789
2022.9561643835616	119.43000030517578
2022.964383561644	114.4800033569336
2022.9671232876713	117.08999633789062
2022.9698630136986	119.76000213623047
2022.972602739726	117.12000274658203
2022.9753424657533	118.04000091552734
2022.986301369863	116.87999725341797
2022.9890410958903	115.62000274658203
2022.9917808219177	120.26000213623047
2022.9945205479453	120.33999633789062
2023.0054794520547	124.73999786376953
2023.0082191780823	127.37000274658203
2023.0109589041097	126.94000244140625
2023.013698630137	130.02000427246094
2023.021917808219	129.47000122070312
2023.0246575342467	132.99000549316406
2023.027397260274	132.88999938964844
2023.0301369863014	136.7100067138672
2023.0328767123287	136.97999572753906
2023.0438356164384	135.36000061035156
2023.0465753424658	133.02000427246094
2023.0493150684931	136.14999389648438
2023.0520547945205	139.3699951171875
2023.0602739726028	143.27000427246094
2023.0630136986301	143.13999938964844
2023.0657534246575	141.5
2023.0684931506848	147.3000030517578
2023.0712328767124	151.74000549316406
2023.0794520547945	147.05999755859375
2023.0821917808219	148.97000122070312
2023.0849315068492	153.1199951171875
2023.0876712328768	188.77000427246094
2023.0904109589042	186.52999877929688
2023.0986301369862	186.05999755859375
2023.1013698630136	191.6199951171875
2023.1041095890412	183.42999267578125
2023.1068493150685	177.9199981689453
2023.109589041096	174.14999389648438
2023.1178082191782	179.42999267578125
2023.1205479452055	179.47999572753906
2023.123287671233	177.16000366210938
2023.1260273972603	172.44000244140625
2023.1287671232876	172.8800048828125
2023.1397260273973	172.0800018310547
2023.1424657534246	171.1199951171875
2023.145205479452	172.0399932861328
2023.1479452054793	170.38999938964844
2023.1561643835616	169.5399932861328
2023.158904109589	174.94000244140625
2023.1616438356164	173.4199981689453
2023.164383561644	174.52999877929688
2023.1671232876713	185.25
2023.1753424657534	184.89999389648438
2023.1780821917807	184.50999450683594
2023.1808219178083	184.97000122070312
2023.1835616438357	181.69000244140625
2023.186301369863	179.50999450683594
2023.194406392694	180.89999389648438
2023.1971461187215	194.02000427246094
2023.199885844749	197.75
2023.2026255707763	204.92999267578125
2023.2053652968036	195.61000061035156
2023.213584474886	197.80999755859375
2023.2163242009133	202.16000366210938
2023.2190639269406	199.80999755859375
2023.221803652968	204.27999877929688
2023.2245433789953	206.00999450683594
2023.2327625570776	202.83999633789062
2023.235502283105	200.67999267578125
2023.2382420091324	205.35000610351562
2023.2409817351597	207.83999633789062
2023.2437214611873	211.94000244140625
2023.2519406392694	213.07000732421875
2023.2546803652967	214.72000122070312
2023.257420091324	211.47999572753906
2023.2601598173517	216.10000610351562
2023.271118721461	214.75
2023.2738584474887	213.85000610351562
2023.276598173516	214.0
2023.2793378995434	220.35000610351562
2023.2820776255708	221.49000549316406
2023.290296803653	218.86000061035156
2023.2930365296804	217.88999938964844
2023.2957762557078	215.6999969482422
2023.2985159817351	213.07000732421875
2023.3012557077625	212.88999938964844
2023.3094748858448	212.7899932861328
2023.3122146118722	207.5500030517578
2023.3149543378995	209.39999389648438
2023.3176940639269	238.55999755859375
2023.3204337899544	240.32000732421875
2023.3286529680365	243.17999267578125
2023.3313926940639	239.24000549316406
2023.3341324200912	237.02999877929688
2023.3368721461188	233.52000427246094
2023.3396118721462	232.77999877929688
2023.3478310502283	233.27000427246094
2023.3505707762556	233.3699951171875
2023.3533105022832	233.0800018310547
2023.3560502283106	235.7899932861328
2023.358789954338	233.80999755859375
2023.36700913242	238.86000061035156
2023.3697488584476	238.82000732421875
2023.372488584475	242.49000549316406
2023.3752283105023	246.85000610351562
2023.3779680365296	245.63999938964844
2023.386187214612	248.32000732421875
2023.3889269406393	246.74000549316406
2023.3916666666667	249.2100067138672
2023.394406392694	252.69000244140625
2023.3971461187214	262.0400085449219
2023.408105022831	262.5199890136719
2023.4108447488584	264.7200012207031
2023.4135844748857	272.6099853515625
2023.4163242009133	272.6099853515625
2023.4245433789954	271.3900146484375
2023.4272831050228	271.1199951171875
2023.4300228310503	263.6000061035156
2023.4327625570777	264.5799865722656
2023.435502283105	264.95001220703125
2023.4437214611871	271.04998779296875
2023.4464611872147	271.32000732421875
2023.449200913242	273.3500061035156
2023.4519406392694	281.8299865722656
2023.4546803652968	281.0
2023.4656392694064	284.3299865722656
2023.4683789954338	281.6400146484375
2023.4711187214612	284.8800048828125
2023.4738584474885	288.7300109863281
2023.4820776255708	278.4700012207031
2023.4848173515982	287.04998779296875
2023.4875570776255	285.2900085449219
2023.4902968036529	281.5299987792969
2023.4930365296805	286.9800109863281
2023.5012557077625	286.0199890136719
2023.5067351598173	294.3699951171875
2023.5094748858448	291.989990234375
2023.5122146118722	290.5299987792969
2023.5204337899543	294.1000061035156
2023.5231735159816	298.2900085449219
2023.5259132420092	309.3399963378906
2023.5286529680366	313.4100036621094
2023.531392694064	308.8699951171875
2023.5396118721462	310.6199951171875
2023.5423515981736	312.04998779296875
2023.545091324201	316.010009765625
2023.5478310502283	302.5199890136719
2023.5505707762557	294.260009765625
2023.558789954338	291.6099853515625
2023.5615296803653	294.4700012207031
2023.5642694063927	298.57000732421875
2023.56700913242	311.7099914550781
2023.5697488584474	325.4800109863281
2023.5779680365297	318.6000061035156
2023.580707762557	322.7099914550781
2023.5834474885844	314.30999755859375
2023.586187214612	313.19000244140625
2023.5889269406393	310.7300109863281
2023.5971461187214	316.55999755859375
2023.5998858447488	312.6400146484375
2023.6026255707764	305.2099914550781
