lookback,bin,count,expected_return_dispersion,probability_spread,sigma_dispersion,mean_absolute_error,mean_brier,realized_volatility
30,0,1,0.03709527228504875,0.8170267030648364,0.04276926961770488,0.026858472621769727,0.332109036779107,0.023556705789229988
